$ANSIBLE_VAULT;1.1;AES256
36633032643736656537663764643062333761373862323764386637646263353538616638313861
3938373365666338336134346232326665353535646232310a316162366337656136383361323937
64663462306233626261333961646138306566356635303763393836393630313534646235636562
6330343364343264330a306335386338373733303930356434663965343463313436373361373434
31396634303437633935623631376538393638373437363563383636623238643633393137636262
33313465626336353662653362666535383730393761653235663632326164366161646432663239
37396434633162353831643163363232653131353365636434336338343831313232346539313139
37653238666563323165333463633130353666356430383731346261363039323163393736306133
36363238336132363130613064373136643037643335663465633231393962353032613132646263
33326434626336303231303138326332623736363738336233323662323830643662653332336436
32383662323939386666376362373333353030663039373861623566346363636664383536303538
33333664396565303966623139333263396531353065333462376436613536616161336463383035
33313135306131386466663736386434666661633031613864313162646563383230633565653138
38333339333338316637626132303234363966626365656434663931336662663536616162383236
32613133623762356538343539626133633763383039626534623936316263353134323535393564
35303036663235323233656237313835646337616164663830386466356130646335306637313331
37343566323438656364376639663365643031383137653538346430356632353462336331353939
30316566396462626434333564326536376536376437646134643332633237306566623965353037
34663139303339363565343235623530656237323932356237663261653463313261393734643064
39323464363165613065613666653361316430613932323632623165616465626134616666646431
61656265383132616266376532623737383663343237373663346531313862353234613766396130
31343434366366363136363961313865616137613631386232646234643663373236363634376135
34653939323263383863326336623465353337316535306233656331316235373162653234663561
33346665633038633663353564333065346266306331633062303433643034393138366165656461
36666564396664356531346366663965663034393638333334386237336130663535653262643030
61373035326361333535343861313564613936646333396534633839366138383562613566333438
32663537303237636262333534383432626234616133326263663330353638306334333238333034
61666563323538336633303664653937316131313332393435333765613332363432323134393033
66373933363031343634656139393762376262396163363132363536623839643135303664393433
37383737346266336630313663306537343866346235303134643832306536303133366366326338
39306161626233373066333434396164343638386639333837653435636633373438373138366334
39386537333264653434613039633639393264326431303435323931376532613835396633633732
38633239623239616362363464346333663235366534323139613632363737623635653263343130
63623933373736633461373633343534346531613862656431386331373739303537346531343239
32623937656131643033396666373631636633643836333661643763313235643862636334326233
61646130633335373765306537306532393166343964643335303065323139633766616162616461
35633530636462356331323161656666303433643739363665383532643630376466336336626163
30306566656635663235356264366136343937303236623061333833366239343466626364356465
34646132636166323032636464343033323961616439633661666237323035383563633464613432
39663163613330363766656433666533313365646539666132323036633863656466636237303164
65613334323434393530633463386234336164623161336562303866653136666166373232663639
33393861613538393831633065383063376333633332663337666638643532656330393662356331
65613038333562303537383161363838326565323666633738356239636132626338353864633065
37666265656163616331646438643135653166323962326161306533633436396237643633316137
35653961336135623962633435353332626331343264643833316662653961613232643265316139
37636133643235373465333033653832303537343035336433643034393862656364346136343033
36383930313362376435613938383461643061336139626135656438343535343663633161316165
33303036353033636532363137346261363563653631646361303062343933656665336432343531
39303134363061626562366633366433333737613564646638376662346566346134643632376133
61393836663336356230333131383539323936353836633064653263316331303439333564633931
32313464323961646563656134373166383734313563386261393537383231643361326462333039
38376139333365643234313735363031393235356564643035316337383464306536333638643630
31373038336230646465633834353963613062633537356437346162653637383136333961326264
66653561663735656136666663343739333364666165336266323863353334626634393262326139
30636538326463343932643337623736646238303962353738636661313961303361643762646664
37636432663936376261623964623163396530303639373735623235353332613966363630326465
30383536313631343736666563346663303235393136313566313831323830623339636637336531
32656638363733326566383334363035653561313039383037326137663931653062313432363434
62363833306161353036303732366239366263666334343730313330343535613833356164653265
61663266383931626438353233326530336439656534646330666661353631633034363539613861
61366262323537396535363061633036386431396331653236346536616535663036393331343734
33346433643339316664633665393837643134393439376364323963663337653934653431333161
36636333643335393930366462643236343538383562393332623937653964363833633335623433
35363535346531313837363564303264323066636362663433363632353532633335663561313266
33323937623736623938643163303235343662366239376363623234613433363465363966313035
30366234633563323233653231666131663234663237353632373436373838373638623131656231
30323137346366613732616231633864643062343262343230353038393231316339373038336538
32303663396461316136353264336535646364663363386338326139646538643534306161636432
30376639393864393165656532393336333136356139333833313236613533623561343931393336
62653234313264646533313761666661653632333133333536306135336164353964623365333463
33366634613739616638663539393932646434633833303963326339303862363236656135373966
65393461343730333238646434373635353966363038623534643463643331396430376534643534
39356231616138343234343437356338373661343735653935633732616561323033366334353962
37656530396639383464373561636333366635383331306334303962636336316638393334373733
37626335303136363466316634386663653062313038653062366666363839313366633565366663
30346166353739376361323066343633303031656237363435363763386662323236663632633238
64356530316263386331616536393664363537663936333831376638633461656263356435316661
63316335303761663332663231316164316137633335636231633332373364643638633161363233
61343964383261333339383463656661333137363335336663656230396263613133643033353036
31343162393133353032626136323366626238633639623566303832363538616330653733343932
63646634646161626632313033633035336238313462663439653435316235653834383333623433
34633637623636323438666462643638303561623564333534643634616230363333663236386235
31386466376361303564303362366137616639643162323333393331393333386464396233653931
35373238326563613634313733633539623364356661396339376566386632373730663165643331
65623164316165396336343866343535306266366239643431346439373436316261326461653537
32386463633965346166393630373239346635633961633838326433396535353832326231626432
34343564313763303235626230386665613963336264353065613839663432386437393465616631
36613063313338373466333638363964343265363738663035373462313464376263376236653938
66623833343033613239323833343564376236316362393163343639623462636430653935333161
66643539633134396633623864623762663538666634306162653837343039613532373135636134
36656135343935303430646536316536303332616663666166333663656365626461343934333364
32356464326434373334666365393836613438363437306134313565313436353265343639396431
32623034316131356137383865613064333562393262366333316266623865633262626265636339
36623334326235343630373562303639363461373965313033623934363938383862323863333661
38663164666133326665353165343665636235333631393631386332313763333834646463323435
34363534313832383635343633386563366265316536383938356562663264326261373961386565
32623632643632636361633063646663646364323865383463336163323935613730643634363032
61626139303032396263306531393461373963393937613164353637303635653539633638663762
36313435363031323034316263313433666562613861626639353534386466313063363262343064
61616131653834396163383535666139376538626136633763306361643863396335366339653836
63373339383935643232393962383961623466386530343731663239656439333930636165653965
30636239343466356332633537383463373936616436623130323933663162396637333462373233
34353563306465653133333835323934373431306165303533663664613666626633646135366236
61383963643564633639313065623338353666636466636234306333613138646461313332313132
32666232313338386637633939373133383366616631663133313138346564373437306239653361
31386230383966653863623430396538313539633661643230353336656165633535343031663436
32666461626465393131646634306463366437663766363236393735316536353736323235353661
39626364633738663135343666636537656436353366393933353362643831653637373938333935
32393934643633323330323763343636653435646663613464656335356137626338623338633733
38323734373533636661303531643635623936633734343566323539656230363637386565333666
31633234316233343663316634643866366563303738383334636662386664646538313465343532
64643964323561383664306238356239643964333563633533306337633964666461373666666265
38313165393861353733633164663666326637353035376435306437393430636336666462396463
63623838336263386639623933663163386636643762376235626165656534633632373734356566
64646234646665653266306366666166303530363839396635383966643664313633333066633336
61303137393534643138383065393734363865306135353663363063353264373666323736343763
62636632343032333136373139633163383433313730383065363537653331316130346338646666
65353636626664303364353263656631656132636265373533613036633038633663386661643232
39623138313562356639326265363239313264303332323438313437616135313664326137393633
32646161316637393738363531666137333265303636613032646261343864323835386132646238
36663635633834323863303366376632363034353933303566396666343132633736386566616333
31386461646666633163346233386262376432303761353862363961343035643062303531653635
37626434643164393365383838636264336232663465353366626564326634326339373565646333
30393366343834353831656635643661336433653163376636616535303036303262636430313563
31343066313635386638376564646332656135333030383432373331376233303265383863343730
62396633636133363937323933643263353862333865653739303131643463396438323736383032
66666132383764643032363839663032643264316362613734626337613664636233613163376239
37353536396439666631656461623931653933393533386138343062383837643032326464393237
38393132303638366263636137356631656235326261613632373364333131656436373735363833
34366538376330366531356439386237636330643932353536386261656536633163626165366266
64313835383866663363633934373331623366356131313532643136376131346230656566363735
62333735646464386538633336666137626530646637306563396262653931346439363433626338
31376233363436333331316437386535623365313239333732373730613639636337623136633865
3635623962653464313063386530323132396366343436613738
